      0.79253896     -0.00113234      0.03441513     -0.57239800      0.27016946     -0.11631964     -0.33109258     -0.26327499      0.03502953     -0.30392818      0.11096880     -0.06065966     -0.22304838      0.01535962     -0.03785359     -0.30448728      0.10983287     -0.03414536     -0.02603419      0.02528213      0.01963190     -0.22076546     -0.36574122     -0.04166967     -0.07738848     -0.11635397      0.00497547
     -0.00113234      0.75255309      0.07388376      0.13018484     -0.32767829      0.01944196     -0.13758199     -0.55766932      0.01770523      0.20531249     -0.06890431      0.04642185      0.35235946     -0.09633751      0.02371970     -0.27753650      0.12764264     -0.01795012     -0.31904568     -0.35718899     -0.01384196      0.03640243      0.02413698      0.02105988     -0.16191369     -0.23984515      0.02914915
      0.03441513      0.07388376      0.33389472     -0.05211904      0.05925816     -0.15332859     -0.02953484     -0.00565689     -0.13856093      0.26719474     -0.10106410      0.11644277     -0.25859194      0.05080063     -0.02131399     -0.11598134      0.04307561     -0.02614492      0.13762918      0.14909054     -0.00731578      0.05472284      0.08890260     -0.00441422     -0.21541095     -0.28590546      0.09175383
     -0.57239800      0.13018484     -0.05211904      2.85709620      0.46701481     -0.20536998     -0.10680789      0.03305422     -0.03364290     -2.10815848      0.64868471      2.62929690     -0.96646808     -0.06880800      0.13440421     -3.02700978     -3.09815143     -1.56227346      0.07038238      0.08055327      0.00232007     -0.04082634     -0.04068230     -0.04621455     -0.02445201     -0.01795803     -0.00453801
      0.27016946     -0.32767829      0.05925816      0.46701481      4.31044507      0.01914631     -0.15640011      0.06049850     -0.02740666      0.62694052     -1.71359581     -1.74568318     -0.02716209     -5.68177965      3.78556731     -3.12502460     -5.66971830     -2.35666755     -0.03038712      0.07680043     -0.02611043     -0.07776194     -0.11876893     -0.02571806     -0.03366962     -0.01942903      0.00554499
     -0.11631964      0.01944196     -0.15332859     -0.20536998      0.01914631      4.27281966      0.02219499      0.00544811     -0.02448022      2.71110862     -1.71929584     -7.13165292      0.00393222      3.81097519     -4.31993946     -1.57745457     -2.33463681     -2.34131741      0.03465933     -0.00405653      0.03041395     -0.01071170      0.06348389     -0.00053895     -0.03250807     -0.01522653      0.00373567
     -0.33109258     -0.13758199     -0.02953484     -0.10680789     -0.15640011      0.02219499      3.70039301     -0.83207644      0.03066991     -0.02255997      0.00295823      0.00198962      0.09443759     -0.04285478      0.01688475     -0.11597442      0.06311355      0.02657047     -2.43821553      2.48261793     -1.83004627     -6.79027568      1.88460023      2.78268502     -1.31391751     -0.20048082     -0.94398667
     -0.26327499     -0.55766932     -0.00565689      0.03305422      0.06049850      0.00544811     -0.83207644      3.29061984     -0.01064714      0.00450879      0.00518270      0.00595162      0.05048878      0.04505390     -0.01327666      0.07082081     -0.04819049      0.02461762      2.45092007     -5.01223038      2.96020261      1.90065113     -1.61472843     -0.87436038     -0.19219564     -1.67352624     -2.07503567
      0.03502953      0.01770523     -0.13856093     -0.03364290     -0.02740666     -0.02448022      0.03066991     -0.01064714      4.29446708      0.01660756      0.01123756      0.00662927     -0.00629281     -0.03495607      0.00834948     -0.04448854      0.05333827      0.00347785     -1.76880037      3.03420227     -3.43570275      2.75974458     -0.82330420     -2.49505350     -1.03014861     -2.11783486     -8.06946912
     -0.30392818      0.20531249      0.26719474     -2.10815848      0.62694052      2.71110862     -0.02255997      0.00450879      0.01660756      8.75794196     -2.98027711     -9.77676874      0.02768753      0.01508121     -0.00033616      0.70321870     -0.34051525     -1.41639535     -0.00461496     -0.01957945     -0.00492214     -0.01843443     -0.06467046     -0.02039107      0.00031509      0.00296224      0.00774032
      0.11096880     -0.06890431     -0.10106410      0.64868471     -1.71359581     -1.71929584      0.00295823      0.00518270      0.01123756     -2.98027711      6.13025359      6.53124166     -0.94899364      0.70129735      2.02229281      0.92726295     -0.46485320     -1.92770128      0.01603186      0.00875166      0.02014437     -0.01178038      0.00567163     -0.00830582      0.00084585      0.02150969     -0.00846895
     -0.06065966      0.04642185      0.11644277      2.62929690     -1.74568318     -7.13165292      0.00198962      0.00595162      0.00662927     -9.77676874      6.53124166     26.77161693      0.52413579     -0.60791685     -1.27657073      0.42400215     -0.06527425     -0.87669900     -0.00528218     -0.00069598     -0.01577509      0.00557934     -0.01676198     -0.00498058      0.00768336     -0.00163950     -0.01015224
     -0.22304838      0.35235946     -0.25859194     -0.96646808     -0.02716209      0.00393222      0.09443759      0.05048878     -0.00629281      0.02768753     -0.94899364      0.52413579      4.11217842      0.13669395     -0.25693537      0.08408981     -1.04624664      1.10180347      0.00369426     -0.15931621      0.05576922      0.03689875      0.04600204      0.01739056      0.01118997     -0.03289200      0.01349882
      0.01535962     -0.09633751      0.05080063     -0.06880800     -5.68177965      3.81097519     -0.04285478      0.04505390     -0.03495607      0.01508121      0.70129735     -0.60791685      0.13669395     20.89546835    -14.14111784      0.11396480     -1.40533563      1.40434490      0.08872873      0.05032217      0.02842558     -0.02426795      0.00408067     -0.02727889     -0.00374641     -0.01955410      0.00640162
     -0.03785359      0.02371970     -0.02131399      0.13440421      3.78556731     -4.31993946      0.01688475     -0.01327666      0.00834948     -0.00033616      2.02229281     -1.27657073     -0.25693537    -14.14111784     15.57887929      0.06626009     -0.98586650      0.78911302     -0.07721214     -0.03861254      0.01237885      0.02226853     -0.02245672      0.01464929      0.00185945      0.01011963     -0.00627884
     -0.30448728     -0.27753650     -0.11598134     -3.02700978     -3.12502460     -1.57745457     -0.11597442      0.07082081     -0.04448854      0.70321870      0.92726295      0.42400215      0.08408981      0.11396480      0.06626009     12.25121186     11.55892493      5.91155170      0.01881267      0.07538303      0.00110651     -0.07071396     -0.10057043     -0.05070397     -0.06800713     -0.03316900      0.00765794
      0.10983287      0.12764264      0.04307561     -3.09815143     -5.66971830     -2.33463681      0.06311355     -0.04819049      0.05333827     -0.34051525     -0.46485320     -0.06527425     -1.04624664     -1.40533563     -0.98586650     11.55892493     21.33703682      8.95213775     -0.02141729     -0.00221419     -0.02412934      0.03853538      0.06323334     -0.00034388      0.03157253      0.05221526     -0.01159419
     -0.03414536     -0.01795012     -0.02614492     -1.56227346     -2.35666755     -2.34131741      0.02657047      0.02461762      0.00347785     -1.41639535     -1.92770128     -0.87669900      1.10180347      1.40434490      0.78911302      5.91155170      8.95213775      8.42910301     -0.00510407     -0.02934285      0.01065720      0.02472821     -0.00031154      0.00647770      0.02228105     -0.00177213      0.00070322
     -0.02603419     -0.31904568      0.13762918      0.07038238     -0.03038712      0.03465933     -2.43821553      2.45092007     -1.76880037     -0.00461496      0.01603186     -0.00528218      0.00369426      0.08872873     -0.07721214      0.01881267     -0.02141729     -0.00510407      9.38532542     -8.69542292      6.77331610     -0.85933657      1.78042463     -1.47036196     -0.13867421      0.26617962     -0.01542880
      0.02528213     -0.35718899      0.14909054      0.08055327      0.07680043     -0.00405653      2.48261793     -5.01223038      3.03420227     -0.01957945      0.00875166     -0.00069598     -0.15931621      0.05032217     -0.03861254      0.07538303     -0.00221419     -0.02934285     -8.69542292     18.76881357    -11.12070613      0.18721572     -0.40426004      0.34501088     -0.38009933      0.77544422     -0.46806613
      0.01963190     -0.01384196     -0.00731578      0.00232007     -0.02611043      0.03041395     -1.83004627      2.96020261     -3.43570275     -0.00492214      0.02014437     -0.01577509      0.05576922      0.02842558      0.01237885      0.00110651     -0.02412934      0.01065720      6.77331610    -11.12070613     12.30760718      0.54233808     -1.05672153      0.66865028     -1.12013892      2.07068436     -1.12220987
     -0.22076546      0.03640243      0.05472284     -0.04082634     -0.07776194     -0.01071170     -6.79027568      1.90065113      2.75974458     -0.01843443     -0.01178038      0.00557934      0.03689875     -0.02426795      0.02226853     -0.07071396      0.03853538      0.02472821     -0.85933657      0.18721572      0.54233808     25.38799953     -6.67327964    -10.18940467      0.49951529     -0.03514424     -0.26645082
     -0.36574122      0.02413698      0.08890260     -0.04068230     -0.11876893      0.06348389      1.88460023     -1.61472843     -0.82330420     -0.06467046      0.00567163     -0.01676198      0.04600204      0.00408067     -0.02245672     -0.10057043      0.06323334     -0.00031154      1.78042463     -0.40426004     -1.05672153     -6.67327964      6.45690934      3.41271204      0.73075305     -0.18811663     -0.16497863
     -0.04166967      0.02105988     -0.00441422     -0.04621455     -0.02571806     -0.00053895      2.78268502     -0.87436038     -2.49505350     -0.02039107     -0.00830582     -0.00498058      0.01739056     -0.02727889      0.01464929     -0.05070397     -0.00034388      0.00647770     -1.47036196      0.34501088      0.66865028    -10.18940467      3.41271204      8.92635900      2.43952484     -0.70066531     -0.91943548
     -0.07738848     -0.16191369     -0.21541095     -0.02445201     -0.03366962     -0.03250807     -1.31391751     -0.19219564     -1.03014861      0.00031509      0.00084585      0.00768336      0.01118997     -0.00374641      0.00185945     -0.06800713      0.03157253      0.02228105     -0.13867421     -0.38009933     -1.12013892      0.49951529      0.73075305      2.43952484      4.91533616      1.33292085      3.65135374
     -0.11635397     -0.23984515     -0.28590546     -0.01795803     -0.01942903     -0.01522653     -0.20048082     -1.67352624     -2.11783486      0.00296224      0.02150969     -0.00163950     -0.03289200     -0.01955410      0.01011963     -0.03316900      0.05221526     -0.00177213      0.26617962      0.77544422      2.07068436     -0.03514424     -0.18811663     -0.70066531      1.33292085      6.82840183      7.68875389
      0.00497547      0.02914915      0.09175383     -0.00453801      0.00554499      0.00373567     -0.94398667     -2.07503567     -8.06946912      0.00774032     -0.00846895     -0.01015224      0.01349882      0.00640162     -0.00627884      0.00765794     -0.01159419      0.00070322     -0.01542880     -0.46806613     -1.12220987     -0.26645082     -0.16497863     -0.91943548      3.65135374      7.68875389     29.87835528
