      1.11827454     -2.01076979      0.32268382      0.02876355      0.12165821     -0.02557246     -1.31695225      2.11490558     -0.34901215
     -2.01076979      4.45405586     -0.64778318      0.12321070     -0.16882857      0.05347633      2.09623861     -4.79666504      0.72872368
      0.32268382     -0.64778318      0.34614480     -0.01929974      0.04046216      0.07830749     -0.36824130      0.77550007     -0.46812262
      0.02876355      0.12321070     -0.01929974      0.33340953     -0.57588101      0.09300671     -0.56726407      0.80911239     -0.12674749
      0.12165821     -0.16882857      0.04046216     -0.57588101      1.26521203     -0.20036760      0.80599193     -1.87886728      0.26979323
     -0.02557246      0.05347633      0.07830749      0.09300671     -0.20036760      0.08085453     -0.12445264      0.26721777     -0.22292748
     -1.31695225      2.09623861     -0.36824130     -0.56726407      0.80599193     -0.12445264      2.47135139     -3.79533785      0.60924254
      2.11490558     -4.79666504      0.77550007      0.80911239     -1.87886728      0.26721777     -3.79533785      8.73043434     -1.29781940
     -0.34901215      0.72872368     -0.46812262     -0.12674749      0.26979323     -0.22292748      0.60924254     -1.29781940      0.90313190
