      0.33157029     -0.10031381      1.18166659     -0.33981247      0.10224647     -1.18715227
     -0.10031381      0.03404551     -0.35043333      0.10072812     -0.02945798      0.35028877
      1.18166659     -0.35043333      4.05870279     -1.18327305      0.34966731     -4.11932996
     -0.33981247      0.10072812     -1.18327305      0.34805466     -0.10266078      1.18875874
      0.10224647     -0.02945798      0.34966731     -0.10266078      0.02487044     -0.34952275
     -1.18715227      0.35028877     -4.11932996      1.18875874     -0.34952275      4.17995713
