      0.69720281      0.23243851      0.02745103     -2.96201716     -1.71651819      0.91294893     -0.65525360      0.06706950     -1.20775008
      0.23243851      0.32905526     -0.10234225     -1.55155035     -1.03222501      0.54662192     -0.04882707     -0.17186309      0.23823701
      0.02745103     -0.10234225      0.81401674      0.55407022      0.37358224     -0.60463657     -0.87892474      0.49118402     -3.82365844
     -2.96201716     -1.55155035      0.55407022     17.95778187      9.05699533     -3.50000139     -0.78989366     -0.42546939      0.12656810
     -1.71651819     -1.03222501      0.37358224      9.05699533      5.65252458     -2.04788987      0.11264385     -0.02769871      0.03705886
      0.91294893      0.54662192     -0.60463657     -3.50000139     -2.04788987      3.41280627     -1.94198825     -1.01791301      0.25042314
     -0.65525360     -0.04882707     -0.87892474     -0.78989366      0.11264385     -1.94198825      4.46968482      0.16916163      6.63913668
      0.06706950     -0.17186309      0.49118402     -0.42546939     -0.02769871     -1.01791301      0.16916163      1.14771828     -1.25403824
     -1.20775008      0.23823701     -3.82365844      0.12656810      0.03705886      0.25042314      6.63913668     -1.25403824     21.69282773
