      2.34944846     -2.31202335      1.75467307     -0.02891847      0.11635466     -0.08750479     -2.66947513      2.46984922     -1.87678560
     -2.31202335      2.61379101     -1.85940377      0.11275425     -0.03254126      0.09423448      2.48933841     -2.94819465      1.99567475
      1.75467307     -1.85940377      1.56021425     -0.09360856      0.10122847      0.00438336     -1.86889548      1.97315663     -1.81809660
     -0.02891847      0.11275425     -0.09360856      0.50280146     -0.43698574      0.40385585     -0.77992873      0.60230646     -0.53788511
      0.11635466     -0.03254126      0.10122847     -0.43698574      0.56887055     -0.31193783      0.58635762     -0.75289257      0.49366026
     -0.08750479      0.09423448      0.00438336      0.40385585     -0.31193783      0.45024092     -0.55381567      0.51771123     -0.63434148
     -2.66947513      2.48933841     -1.86889548     -0.77992873      0.58635762     -0.55381567      4.36720019     -3.85168039      3.04062305
      2.46984922     -2.94819465      1.97315663      0.60230646     -0.75289257      0.51771123     -3.85168039      4.66445064     -3.12685013
     -1.87678560      1.99567475     -1.81809660     -0.53788511      0.49366026     -0.63434148      3.04062305     -3.12685013      3.11155202
