      0.71101656     -0.11825098      1.67175434      0.06241664      0.00714702     -0.09223139     -0.92387606      0.12812905     -1.78616417
     -0.11825098      0.20574717     -0.37277935      0.00685148      0.08946808      0.02070706      0.12648249     -0.38428411      0.39820895
      1.67175434     -0.37277935      5.38729654     -0.09350253      0.02003360     -0.19675063     -1.77884901      0.39946120     -5.92270422
      0.06241664      0.00685148     -0.09350253      0.18247644     -0.02991345      0.40919141     -0.36895552      0.03944961     -0.55899316
      0.00714702      0.08946808      0.02003360     -0.02991345      0.05787505     -0.08995781      0.03959684     -0.19687179      0.12370100
     -0.09223139      0.02070706     -0.19675063      0.40919141     -0.08995781      1.33068379     -0.55929806      0.12456779     -1.93668164
     -0.92387606      0.12648249     -1.77884901     -0.36895552      0.03959684     -0.55929806      1.66858688     -0.21203637      2.97271659
      0.12812905     -0.38428411      0.39946120      0.03944961     -0.19687179      0.12456779     -0.21203637      0.76437600     -0.66638554
     -1.78616417      0.39820895     -5.92270422     -0.55899316      0.12370100     -1.93668164      2.97271659     -0.66638554     10.01347162
