      1.13489964     -0.67319578      1.44815149     -0.05170088      0.00304369     -0.10525821     -0.76365960      0.47510631     -0.95181630
     -0.67319578      0.52022441     -0.69520827      0.10711817     -0.00988388      0.22176555      0.40082364     -0.35932870      0.33950799
      1.44815149     -0.69520827      2.08957967      0.04333091      0.00330070      0.10431516     -1.05538609      0.49149696     -1.55296676
     -0.05170088      0.10711817      0.04333091      1.03760593     -1.54782513     -0.03543752     -0.69712158      1.02330053     -0.00637398
      0.00304369     -0.00988388      0.00330070     -1.54782513      2.43714100      0.23587142      1.09049656     -1.72134629     -0.16747800
     -0.10525821      0.22176555      0.10431516     -0.03543752      0.23587142      0.26472878      0.09994598     -0.32526542     -0.25919060
     -0.76365960      0.40082364     -1.05538609     -0.69712158      1.09049656      0.09994598      1.03130690     -1.05862232      0.67774455
      0.47510631     -0.35932870      0.49149696      1.02330053     -1.72134629     -0.32526542     -1.05862232      1.47371333     -0.12204653
     -0.95181630      0.33950799     -1.55296676     -0.00637398     -0.16747800     -0.25919060      0.67774455     -0.12204653      1.28130693
