      1.38466388      2.34531025      0.61226143      0.07020162     -0.23763676     -0.06541174     -1.66425664     -2.44578920     -0.64506621
      2.34531025      4.86316012      1.23512108     -0.21636875     -0.24787371     -0.12134492     -2.45211325     -5.30880751     -1.27862392
      0.61226143      1.23512108      0.52225536     -0.05310799     -0.10950781      0.15130292     -0.64694041     -1.27674894     -0.76343559
      0.07020162     -0.21636875     -0.05310799      1.25230652      2.00951218      0.52884790     -1.50583701     -2.12842408     -0.58485544
     -0.23763676     -0.24787371     -0.10950781      2.00951218      4.31438630      1.16095469     -2.09567190     -4.63208111     -1.16407018
     -0.06541174     -0.12134492      0.15130292      0.52884790      1.16095469      0.53520406     -0.57117312     -1.15326455     -0.73226426
     -1.66425664     -2.45211325     -0.64694041     -1.50583701     -2.09567190     -0.57117312      3.66028033      5.28079248      1.42157621
     -2.44578920     -5.30880751     -1.27674894     -2.12842408     -4.63208111     -1.15326455      5.28079248     11.55918588      2.85069530
     -0.64506621     -1.27862392     -0.76343559     -0.58485544     -1.16407018     -0.73226426      1.42157621      2.85069530      1.75912865
