      1.65949617     -1.32862539      0.48334169      0.04150207     -0.00165838      0.02964222     -1.19832392      0.93657163     -0.37047035
     -1.32862539      1.43762066     -0.18269137      0.20715042     -0.11473240      0.08845917      0.76305596     -0.85038108      0.11475456
      0.48334169     -0.18269137      0.28683705      0.13065818     -0.05785414      0.05154614     -0.45410267      0.24136719     -0.19229332
      0.04150207      0.20715042      0.13065818      0.19922753     -0.00880756      0.12685681     -0.18033717     -0.13000319     -0.17660619
     -0.00165838     -0.11473240     -0.05785414     -0.00880756      3.03414360      1.34078679      0.01805151     -2.06452764     -0.91341058
      0.02964222      0.08845917      0.05154614      0.12685681      1.34078679      0.67713417     -0.10505269     -1.01170992     -0.52383459
     -1.19832392      0.76305596     -0.45410267     -0.18033717      0.01805151     -0.10505269      0.99541871     -0.58837853      0.38199998
      0.93657163     -0.85038108      0.24136719     -0.13000319     -2.06452764     -1.01170992     -0.58837853      2.08735394      0.54953625
     -0.37047035      0.11475456     -0.19229332     -0.17660619     -0.91341058     -0.52383459      0.38199998      0.54953625      0.50718788
