      0.72515744      0.00090017      0.01399218     -0.57074006      0.30061213      0.06370091     -0.29058566     -0.25562224     -0.06654079     -0.28312311      0.08730155      0.01596660     -0.27806278      0.08771815      0.00835395     -0.24619775      0.10251037      0.01805773     -0.04078138     -0.03158620      0.00784480     -0.20492602     -0.34171555     -0.08940441     -0.04441774     -0.04716666     -0.02120385
      0.00090017      0.69112670      0.13612146      0.12941250     -0.34214558     -0.04492253     -0.08513712     -0.60226305     -0.11544386      0.22050258     -0.08097392     -0.01817594      0.35815862     -0.12690736     -0.06007014     -0.29589724      0.13160577      0.03163652     -0.29089896     -0.38718515     -0.12267042      0.05084577      0.09362542      0.03152944     -0.19224613     -0.26240264     -0.07463693
      0.01399218      0.13612146      0.17390363      0.02519632     -0.04055486     -0.16724615     -0.02820155     -0.11646548     -0.18787569      0.33809026     -0.14635007      0.06520101     -0.20988584      0.05542679      0.08931140     -0.08048934      0.04185254     -0.01239204      0.09851711      0.12446084      0.10653581      0.01702818      0.03999687     -0.00977040     -0.22838670     -0.34520331      0.01234998
     -0.57074006      0.12941250      0.02519632      2.86892219      0.50065730      0.08507298     -0.15905870      0.05097730      0.01356875     -1.18202817      0.31322319      1.03749635     -1.07992476      0.53363687     -0.53660330     -3.99857978     -3.47960569     -0.97209544      0.07141416      0.04725679      0.02360530     -0.04796999     -0.08936727     -0.03266970      0.06627431      0.04220773     -0.00420065
      0.30061213     -0.34214558     -0.04055486      0.50065730      4.05575133      0.00995190     -0.19800977      0.04809147      0.00852231      0.31912534     -1.94918270     -2.13187685      0.63334093     -5.02734114      3.47162923     -3.54699865     -5.25574565     -1.15910302     -0.02783043      0.06980696     -0.01021941     -0.10685148     -0.16115032     -0.03941057     -0.00169668      0.03081120      0.02149670
      0.06370091     -0.04492253     -0.16724615      0.08507298      0.00995190      4.07472627     -0.04770873      0.01116226      0.01590037      1.23349793     -2.16871705     -7.40233318     -0.71341723      3.53279308     -4.41524792     -0.98949697     -1.15087123     -1.45463447      0.04627398     -0.03050417      0.00875006     -0.02697575     -0.03001651     -0.01887957     -0.04668647      0.04496130      0.03291739
     -0.29058566     -0.08513712     -0.02820155     -0.15905870     -0.19800977     -0.04770873      3.73355888     -0.70570236     -0.16670349      0.07655586     -0.02309527     -0.00349841      0.08057398     -0.02962530     -0.00482425     -0.18560085      0.08164178      0.01491536     -1.49693963      1.38852463     -1.09016496     -7.95561422      1.74060711      0.86669646     -1.29998998      0.44914305      1.12578037
     -0.25562224     -0.60226305     -0.11646548      0.05097730      0.04809147      0.01116226     -0.70570236      3.24693122     -0.19806631      0.02558015      0.01697689      0.02362626      0.04468641      0.06217445     -0.01543572      0.09901636     -0.03622112      0.00060728      1.30071621     -4.88296019      3.32214538      1.83020314     -1.52306331     -0.20125341      0.43622184     -1.63185141     -1.82515378
     -0.06654079     -0.11544386     -0.18787569      0.01356875      0.00852231      0.01590037     -0.16670349     -0.19806631      4.03360594      0.01664767      0.06105800      0.03901205     -0.00738009     -0.05169422     -0.00400708      0.02739784     -0.00044926     -0.01290599     -0.97728636      3.47125295     -4.15577408      0.88116064     -0.19473821     -1.25076002      0.98195237     -1.96358561     -7.61098852
     -0.28312311      0.22050258      0.33809026     -1.18202817      0.31912534      1.23349793      0.07655586      0.02558015      0.01664767      4.98439774     -1.64481677     -4.10125092      0.08194902     -0.17585794     -0.27186390      0.36901796     -0.54548277     -1.77909078     -0.02658411     -0.03687254      0.00975604      0.03201262      0.02871601     -0.02464270      0.00732250     -0.08964524     -0.09097479
      0.08730155     -0.08097392     -0.14635007      0.31322319     -1.94918270     -2.16871705     -0.02309527      0.01697689      0.06105800     -1.64481677      7.04686525      8.10331981     -0.38635568      0.72943912      2.02910186      0.42944318     -0.67315125     -1.97067337      0.00551230     -0.00121587     -0.00168586      0.01054786     -0.02084137     -0.01053724      0.06971961      0.06770442     -0.00752617
      0.01596660     -0.01817594      0.06520101      1.03749635     -2.13187685     -7.40233318     -0.00349841      0.02362626      0.03901205     -4.10125092      8.10331981     27.45519117      0.22188106     -0.72151265     -1.69622749      0.11901772     -0.01524500     -0.49333710     -0.01747695      0.01787419     -0.04392530      0.00748801      0.01061825      0.02014505      0.10216283      0.03756118     -0.04877747
     -0.27806278      0.35815862     -0.20988584     -1.07992476      0.63334093     -0.71341723      0.08057398      0.04468641     -0.00738009      0.08194902     -0.38635568      0.22188106      4.58865455     -2.54561444      2.05693122      0.28978600     -1.32586857      1.32233549      0.02687211     -0.14916343      0.04209534      0.05275826      0.02272473      0.03082784     -0.02549225     -0.02372266      0.00471577
      0.08771815     -0.12690736      0.05542679      0.53363687     -5.02734114      3.53279308     -0.02962530      0.06217445     -0.05169422     -0.17585794      0.72943912     -0.72151265     -2.54561444     18.63682429    -13.13530724      0.34239159     -1.44564977      1.42309291      0.10801486      0.04281828      0.06733037      0.01201047     -0.00231746     -0.02975325      0.00783187     -0.00609147      0.02897479
      0.00835395     -0.06007014      0.08931140     -0.53660330      3.47162923     -4.41524792     -0.00482425     -0.01543572     -0.00400708     -0.27186390      2.02910186     -1.69622749      2.05693122    -13.13530724     16.17076107      0.10086469     -0.58100385      0.39393837     -0.06207735      0.01910533     -0.03459853      0.00425448     -0.03056120      0.02141918     -0.00021723      0.00160752     -0.03385188
     -0.24619775     -0.29589724     -0.08048934     -3.99857978     -3.54699865     -0.98949697     -0.18560085      0.09901636      0.02739784      0.36901796      0.42944318      0.11901772      0.28978600      0.34239159      0.10086469     15.23373137     12.93745516      3.62292703      0.04042963      0.03538815      0.02672816     -0.09080947     -0.19876768     -0.05830885      0.02460648      0.02508794     -0.00884547
      0.10251037      0.13160577      0.04185254     -3.47960569     -5.25574565     -1.15087123      0.08164178     -0.03622112     -0.00044926     -0.54548277     -0.67315125     -0.01524500     -1.32586857     -1.44564977     -0.58100385     12.93745516     19.54675217      4.35622045      0.01402851      0.00610465     -0.01334459      0.05415289      0.10663843      0.01655183      0.00514285     -0.01400932      0.00555443
      0.01805773      0.03163652     -0.01239204     -0.97209544     -1.15910302     -1.45463447      0.01491536      0.00060728     -0.01290599     -1.77909078     -1.97067337     -0.49333710      1.32233549      1.42309291      0.39393837      3.62292703      4.35622045      5.17369096     -0.02313854     -0.02094175      0.00115607      0.02088209      0.00659939      0.05452291      0.01833087      0.01547932      0.02926173
     -0.04078138     -0.29089896      0.09851711      0.07141416     -0.02783043      0.04627398     -1.49693963      1.30071621     -0.97728636     -0.02658411      0.00551230     -0.01747695      0.02687211      0.10801486     -0.06207735      0.04042963      0.01402851     -0.02313854      5.56600267     -4.59774726      4.17763850     -0.51446655      2.04269115     -1.83469486      0.08628245     -0.34617768      0.41358775
     -0.03158620     -0.38718515      0.12446084      0.04725679      0.06980696     -0.03050417      1.38852463     -4.88296019      3.47125295     -0.03687254     -0.00121587      0.01787419     -0.14916343      0.04281828      0.01910533      0.03538815      0.00610465     -0.02094175     -4.59774726     18.56756404    -12.48069911      0.06837203     -0.43596198      0.37252596     -0.16846700      0.67787074     -0.54534741
      0.00784480     -0.12267042      0.10653581      0.02360530     -0.01021941      0.00875006     -1.09016496      3.32214538     -4.15577408      0.00975604     -0.00168586     -0.04392530      0.04209534      0.06733037     -0.03459853      0.02672816     -0.01334459      0.00115607      4.17763850    -12.48069911     15.32781701      0.15401200     -0.36788669      0.19034364     -0.73887685      2.00756367     -1.65481376
     -0.20492602      0.05084577      0.01702818     -0.04796999     -0.10685148     -0.02697575     -7.95561422      1.83020314      0.88116064      0.03201262      0.01054786      0.00748801      0.05275826      0.01201047      0.00425448     -0.09080947      0.05415289      0.02088209     -0.51446655      0.06837203      0.15401200     29.78333637     -6.49894066     -3.19977799     -0.31208463      0.09593759     -0.08887652
     -0.34171555      0.09362542      0.03999687     -0.08936727     -0.16115032     -0.03001651      1.74060711     -1.52306331     -0.19473821      0.02871601     -0.02084137      0.01061825      0.02272473     -0.00231746     -0.03056120     -0.19876768      0.10663843      0.00659939      2.04269115     -0.43596198     -0.36788669     -6.49894066      5.89662708      0.92336818      0.77268161     -0.23673583      0.01826191
     -0.08940441      0.03152944     -0.00977040     -0.03266970     -0.03941057     -0.01887957      0.86669646     -0.20125341     -1.25076002     -0.02464270     -0.01053724      0.02014505      0.03082784     -0.02975325      0.02141918     -0.05830885      0.01655183      0.05452291     -1.83469486      0.37252596      0.19034364     -3.19977799      0.92336818      4.41416415      2.67714724     -0.61364430     -0.24379542
     -0.04441774     -0.19224613     -0.22838670      0.06627431     -0.00169668     -0.04668647     -1.29998998      0.43622184      0.98195237      0.00732250      0.06971961      0.10216283     -0.02549225      0.00783187     -0.00021723      0.02460648      0.00514285      0.01833087      0.08628245     -0.16846700     -0.73887685     -0.31208463      0.77268161      2.67714724      4.76272772     -1.11234055     -4.01244892
     -0.04716666     -0.26240264     -0.34520331      0.04220773      0.03081120      0.04496130      0.44914305     -1.63185141     -1.96358561     -0.08964524      0.06770442      0.03756118     -0.02372266     -0.00609147      0.00160752      0.02508794     -0.01400932      0.01547932     -0.34617768      0.67787074      2.00756367      0.09593759     -0.23673583     -0.61364430     -1.11234055      6.53732338      7.16014101
     -0.02120385     -0.07463693      0.01234998     -0.00420065      0.02149670      0.03291739      1.12578037     -1.82515378     -7.61098852     -0.09097479     -0.00752617     -0.04877747      0.00471577      0.02897479     -0.03385188     -0.00884547      0.00555443      0.02926173      0.41358775     -0.54534741     -1.65481376     -0.08887652      0.01826191     -0.24379542     -4.01244892      7.16014101     28.19417683
