      0.67065081      0.32211378      0.04733446     -3.16400605     -1.80101427      0.99996734     -0.61080566     -0.00878650     -1.27373722
      0.32211378      0.19692875     -0.16158202     -1.71133568     -0.99418283      0.63697141     -0.10751095     -0.11846688      0.28051364
      0.04733446     -0.16158202      0.82084888      0.59816920      0.43529052     -0.60972846     -0.87408731      0.48073198     -4.04425057
     -3.16400605     -1.71133568      0.59816920     18.67168968     10.12461688     -3.61215516     -0.81913839     -0.42840485      0.23662678
     -1.80101427     -0.99418283      0.43529052     10.12461688      5.58821678     -2.53993044      0.05119280      0.02458588      0.07217546
      0.99996734      0.63697141     -0.60972846     -3.61215516     -2.53993044      3.19791636     -2.03378382     -1.04645821      0.21882338
     -0.61080566     -0.10751095     -0.87408731     -0.81913839      0.05119280     -2.03378382      4.21263639      0.47158126      7.00419527
     -0.00878650     -0.11846688      0.48073198     -0.42840485      0.02458588     -1.04645821      0.47158126      0.64906348     -1.68707335
     -1.27373722      0.28051364     -4.04425057      0.23662678      0.07217546      0.21882338      7.00419527     -1.68707335     22.75113005
