      0.44691023     -0.76008653      0.86425865      0.01898724      0.00450077      0.01848120     -0.34427087      0.52614451     -0.62059147
     -0.76008653      1.42345065     -1.38608604     -0.05636324      0.11496839     -0.11093453      0.56648803     -1.08116530      1.04744608
      0.86425865     -1.38608604      1.94844440     -0.07754215      0.19530299     -0.05980017     -0.55519210      0.84332149     -1.34439338
      0.01898724     -0.05636324     -0.07754215      0.08151672      0.01352048      0.35928916     -0.08565800      0.02267206     -0.20342895
      0.00450077      0.11496839      0.19530299      0.01352048      0.54135001      0.94283766     -0.01434373     -0.45693089     -0.78154027
      0.01848120     -0.11093453     -0.05980017      0.35928916      0.94283766      3.29109376     -0.26290984     -0.58129524     -2.26468641
     -0.34427087      0.56648803     -0.55519210     -0.08565800     -0.01434373     -0.26290984      0.35288945     -0.42718809      0.56132500
      0.52614451     -1.08116530      0.84332149      0.02267206     -0.45693089     -0.58129524     -0.42718809      1.21777225     -0.14413599
     -0.62059147      1.04744608     -1.34439338     -0.20342895     -0.78154027     -2.26468641      0.56132500     -0.14413599      2.57343689
